Supplemental results for CODEML (seqf: Example1.pml  treef: Example1.tree)


dN/dS (w) for site classes (K=3)

p:   0.33333  0.33333  0.33333
w:   0.00000  1.00000  1.00000

Naive Empirical Bayes (NEB) probabilities for 3 classes & postmean_w
(amino acids refer to 1st sequence: Human_ECP)

   1 M   0.74494 0.12753 0.12753 ( 1)  0.255
   2 V   0.71261 0.14370 0.14370 ( 1)  0.287
   3 P   0.58499 0.20750 0.20750 ( 1)  0.415
   4 K   0.68863 0.15568 0.15568 ( 1)  0.311
   5 L   0.50458 0.24771 0.24771 ( 1)  0.495
   6 F   0.62671 0.18664 0.18664 ( 1)  0.373
   7 T   0.73260 0.13370 0.13370 ( 1)  0.267
   8 S   0.00000 0.50000 0.50000 ( 2)  1.000
   9 Q   0.00000 0.50000 0.50000 ( 2)  1.000
  10 I   0.76635 0.11683 0.11683 ( 1)  0.234
  11 C   0.00000 0.50000 0.50000 ( 2)  1.000
  12 L   0.50458 0.24771 0.24771 ( 1)  0.495
  13 L   0.72625 0.13688 0.13688 ( 1)  0.274
  14 L   0.72625 0.13688 0.13688 ( 1)  0.274
  15 L   0.50458 0.24771 0.24771 ( 1)  0.495
  16 L   0.49875 0.25063 0.25063 ( 1)  0.501
  17 G   0.50926 0.24537 0.24537 ( 1)  0.491
  18 L   0.72625 0.13688 0.13688 ( 1)  0.274
  19 M   0.00000 0.50000 0.50000 ( 2)  1.000
  20 G   0.00000 0.50000 0.50000 ( 2)  1.000
  21 V   0.53508 0.23246 0.23246 ( 1)  0.465
  22 E   0.00000 0.50000 0.50000 ( 2)  1.000
  23 G   0.56324 0.21838 0.21838 ( 1)  0.437
  24 S   0.50480 0.24760 0.24760 ( 1)  0.495
  25 L   0.62524 0.18738 0.18738 ( 1)  0.375
  26 H   0.78144 0.10928 0.10928 ( 1)  0.219
  27 A   0.00000 0.50000 0.50000 ( 2)  1.000
  28 R   0.00000 0.50000 0.50000 ( 2)  1.000
  29 P   0.62112 0.18944 0.18944 ( 1)  0.379
  30 P   0.00000 0.50000 0.50000 ( 2)  1.000
  31 Q   0.61626 0.19187 0.19187 ( 1)  0.384
  32 F   0.73425 0.13287 0.13287 ( 1)  0.266
  33 T   0.58836 0.20582 0.20582 ( 1)  0.412
  34 R   0.00000 0.50000 0.50000 ( 2)  1.000
  35 A   0.68519 0.15741 0.15741 ( 1)  0.315
  36 Q   0.62002 0.18999 0.18999 ( 1)  0.380
  37 W   0.50319 0.24841 0.24841 ( 1)  0.497
  38 F   0.73425 0.13287 0.13287 ( 1)  0.266
  39 A   0.00000 0.50000 0.50000 ( 2)  1.000
  40 I   0.00000 0.50000 0.50000 ( 2)  1.000
  41 Q   0.61536 0.19232 0.19232 ( 1)  0.385
  42 H   0.69242 0.15379 0.15379 ( 1)  0.308
  43 I   0.00000 0.50000 0.50000 ( 2)  1.000
  44 S   0.00000 0.50000 0.50000 ( 2)  1.000
  45 L   0.00000 0.50000 0.50000 ( 2)  1.000
  46 N   0.00000 0.50000 0.50000 ( 2)  1.000
  47 P   0.00000 0.50000 0.50000 ( 2)  1.000
  48 P   0.00000 0.50000 0.50000 ( 2)  1.000
  49 R   0.00000 0.50000 0.50000 ( 2)  1.000
  50 C   0.56328 0.21836 0.21836 ( 1)  0.437
  51 T   0.00000 0.50000 0.50000 ( 2)  1.000
  52 I   0.00000 0.50000 0.50000 ( 2)  1.000
  53 A   0.55963 0.22019 0.22019 ( 1)  0.440
  54 M   0.74494 0.12753 0.12753 ( 1)  0.255
  55 R   0.00000 0.50000 0.50000 ( 2)  1.000
  56 A   0.00000 0.50000 0.50000 ( 2)  1.000
  57 I   0.75623 0.12189 0.12189 ( 1)  0.244
  58 N   0.70021 0.14990 0.14990 ( 1)  0.300
  59 N   0.79519 0.10241 0.10241 ( 1)  0.205
  60 Y   0.00000 0.50000 0.50000 ( 2)  1.000
  61 R   0.00000 0.50000 0.50000 ( 2)  1.000
  62 W   0.00000 0.50000 0.50000 ( 2)  1.000
  63 R   0.60456 0.19772 0.19772 ( 1)  0.395
  64 C   0.56328 0.21836 0.21836 ( 1)  0.437
  65 K   0.68863 0.15568 0.15568 ( 1)  0.311
  66 N   0.00000 0.50000 0.50000 ( 2)  1.000
  67 Q   0.65077 0.17461 0.17461 ( 1)  0.349
  68 N   0.79519 0.10241 0.10241 ( 1)  0.205
  69 T   0.73260 0.13370 0.13370 ( 1)  0.267
  70 F   0.72890 0.13555 0.13555 ( 1)  0.271
  71 L   0.71809 0.14096 0.14096 ( 1)  0.282
  72 R   0.00000 0.50000 0.50000 ( 2)  1.000
  73 T   0.59637 0.20181 0.20181 ( 1)  0.404
  74 T   0.73260 0.13370 0.13370 ( 1)  0.267
  75 F   0.73425 0.13287 0.13287 ( 1)  0.266
  76 A   0.67483 0.16258 0.16258 ( 1)  0.325
  77 N   0.00000 0.50000 0.50000 ( 2)  1.000
  78 V   0.00000 0.50000 0.50000 ( 2)  1.000
  79 V   0.00000 0.50000 0.50000 ( 2)  1.000
  80 N   0.00000 0.50000 0.50000 ( 2)  1.000
  81 V   0.69548 0.15226 0.15226 ( 1)  0.305
  82 C   0.66508 0.16746 0.16746 ( 1)  0.335
  83 G   0.00000 0.50000 0.50000 ( 2)  1.000
  84 N   0.69128 0.15436 0.15436 ( 1)  0.309
  85 Q   0.00000 0.50000 0.50000 ( 2)  1.000
  86 S   0.00000 0.50000 0.50000 ( 2)  1.000
  87 I   0.00000 0.50000 0.50000 ( 2)  1.000
  88 R   0.00000 0.50000 0.50000 ( 2)  1.000
  89 C   0.61953 0.19024 0.19024 ( 1)  0.380
  90 P   0.00000 0.50000 0.50000 ( 2)  1.000
  91 H   0.00000 0.50000 0.50000 ( 2)  1.000
  92 N   0.69128 0.15436 0.15436 ( 1)  0.309
  93 R   0.00000 0.50000 0.50000 ( 2)  1.000
  94 T   0.00000 0.50000 0.50000 ( 2)  1.000
  95 L   0.00000 0.50000 0.50000 ( 2)  1.000
  96 N   0.00000 0.50000 0.50000 ( 2)  1.000
  97 N   0.79519 0.10241 0.10241 ( 1)  0.205
  98 C   0.66508 0.16746 0.16746 ( 1)  0.335
  99 H   0.78084 0.10958 0.10958 ( 1)  0.219
 100 R   0.00000 0.50000 0.50000 ( 2)  1.000
 101 S   0.77069 0.11465 0.11465 ( 1)  0.229
 102 R   0.00000 0.50000 0.50000 ( 2)  1.000
 103 F   0.00000 0.50000 0.50000 ( 2)  1.000
 104 R   0.00000 0.50000 0.50000 ( 2)  1.000
 105 V   0.53508 0.23246 0.23246 ( 1)  0.465
 106 P   0.71849 0.14076 0.14076 ( 1)  0.282
 107 L   0.50494 0.24753 0.24753 ( 1)  0.495
 108 L   0.00000 0.50000 0.50000 ( 2)  1.000
 109 H   0.67748 0.16126 0.16126 ( 1)  0.323
 110 C   0.66508 0.16746 0.16746 ( 1)  0.335
 111 D   0.00000 0.50000 0.50000 ( 2)  1.000
 112 L   0.60751 0.19624 0.19624 ( 1)  0.392
 113 I   0.00000 0.50000 0.50000 ( 2)  1.000
 114 N   0.00000 0.50000 0.50000 ( 2)  1.000
 115 P   0.58499 0.20750 0.20750 ( 1)  0.415
 116 G   0.00000 0.50000 0.50000 ( 2)  1.000
 117 A   0.00000 0.50000 0.50000 ( 2)  1.000
 118 Q   0.00000 0.50000 0.50000 ( 2)  1.000
 119 I   0.76635 0.11683 0.11683 ( 1)  0.234
 120 S   0.50480 0.24760 0.24760 ( 1)  0.495
 121 N   0.00000 0.50000 0.50000 ( 2)  1.000
 122 C   0.56328 0.21836 0.21836 ( 1)  0.437
 123 T   0.00000 0.50000 0.50000 ( 2)  1.000
 124 Y   0.69795 0.15102 0.15102 ( 1)  0.302
 125 A   0.00000 0.50000 0.50000 ( 2)  1.000
 126 D   0.00000 0.50000 0.50000 ( 2)  1.000
 127 R   0.00000 0.50000 0.50000 ( 2)  1.000
 128 P   0.00000 0.50000 0.50000 ( 2)  1.000
 129 G   0.00000 0.50000 0.50000 ( 2)  1.000
 130 R   0.00000 0.50000 0.50000 ( 2)  1.000
 131 R   0.00000 0.50000 0.50000 ( 2)  1.000
 132 F   0.00000 0.50000 0.50000 ( 2)  1.000
 133 Y   0.68116 0.15942 0.15942 ( 1)  0.319
 134 V   0.00000 0.50000 0.50000 ( 2)  1.000
 135 V   0.71261 0.14370 0.14370 ( 1)  0.287
 136 A   0.55963 0.22019 0.22019 ( 1)  0.440
 137 C   0.66508 0.16746 0.16746 ( 1)  0.335
 138 D   0.00000 0.50000 0.50000 ( 2)  1.000
 139 N   0.00000 0.50000 0.50000 ( 2)  1.000
 140 R   0.00000 0.50000 0.50000 ( 2)  1.000
 141 D   0.75210 0.12395 0.12395 ( 1)  0.248
 142 P   0.00000 0.50000 0.50000 ( 2)  1.000
 143 R   0.00000 0.50000 0.50000 ( 2)  1.000
 144 D   0.68722 0.15639 0.15639 ( 1)  0.313
 145 S   0.00000 0.50000 0.50000 ( 2)  1.000
 146 P   0.58499 0.20750 0.20750 ( 1)  0.415
 147 R   0.00000 0.50000 0.50000 ( 2)  1.000
 148 Y   0.69795 0.15102 0.15102 ( 1)  0.302
 149 P   0.61951 0.19024 0.19024 ( 1)  0.380
 150 V   0.53588 0.23206 0.23206 ( 1)  0.464
 151 V   0.71261 0.14370 0.14370 ( 1)  0.287
 152 P   0.58525 0.20738 0.20738 ( 1)  0.415
 153 V   0.71261 0.14370 0.14370 ( 1)  0.287
 154 H   0.67748 0.16126 0.16126 ( 1)  0.323
 155 L   0.50442 0.24779 0.24779 ( 1)  0.496
 156 D   0.75210 0.12395 0.12395 ( 1)  0.248
 157 T   0.00000 0.50000 0.50000 ( 2)  1.000
 158 T   0.00000 0.50000 0.50000 ( 2)  1.000
 159 I   0.65261 0.17370 0.17370 ( 1)  0.347


lnL = -1696.818421

