Supplemental results for CODEML (seqf: Example1.pml  treef: Example1.tree)


dN/dS (w) for site classes (K=3)

p:   0.33267  0.57276  0.09456
w:   0.00000  1.00000  4.36958

Naive Empirical Bayes (NEB) probabilities for 3 classes & postmean_w & P(w>1)
(amino acids refer to 1st sequence: Human_ECP)

   1 M   0.69867 0.30073 0.00060 ( 1)  0.303  0.001
   2 V   0.67343 0.32559 0.00098 ( 1)  0.330  0.001
   3 P   0.56502 0.42981 0.00517 ( 1)  0.452  0.005
   4 K   0.64709 0.35142 0.00149 ( 1)  0.358  0.001
   5 L   0.49506 0.49129 0.01364 ( 1)  0.551  0.014
   6 F   0.59851 0.39850 0.00299 ( 1)  0.412  0.003
   7 T   0.68989 0.30931 0.00081 ( 1)  0.313  0.001
   8 S   0.00000 0.94026 0.05973 ( 2)  1.201  0.060
   9 Q   0.00000 0.97075 0.02925 ( 2)  1.099  0.029
  10 I   0.71755 0.28190 0.00054 ( 1)  0.284  0.001
  11 C   0.00000 0.97695 0.02305 ( 2)  1.078  0.023
  12 L   0.49506 0.49129 0.01364 ( 1)  0.551  0.014
  13 L   0.68258 0.31645 0.00096 ( 1)  0.321  0.001
  14 L   0.68258 0.31645 0.00096 ( 1)  0.321  0.001
  15 L   0.49506 0.49129 0.01364 ( 1)  0.551  0.014
  16 L   0.48832 0.49723 0.01445 ( 2)  0.560  0.014
  17 G   0.50290 0.48524 0.01186 ( 1)  0.537  0.012
  18 L   0.68258 0.31645 0.00096 ( 1)  0.321  0.001
  19 M   0.00000 0.72987 0.27013 ( 2)  1.910  0.270
  20 G   0.00000 0.97953 0.02046 ( 2)  1.069  0.020
  21 V   0.52456 0.46656 0.00888 ( 1)  0.505  0.009
  22 E   0.00000 0.77840 0.22160 ( 2)  1.747  0.222
  23 G   0.54842 0.44531 0.00627 ( 1)  0.473  0.006
  24 S   0.50076 0.48689 0.01235 ( 1)  0.541  0.012
  25 L   0.59760 0.39904 0.00337 ( 1)  0.414  0.003
  26 H   0.72864 0.27093 0.00042 ( 1)  0.273  0.000
  27 A   0.00000 0.94665 0.05334 ( 2)  1.180  0.053
  28 R   0.00000 0.97387 0.02612 ( 2)  1.088  0.026
  29 P   0.59458 0.40208 0.00334 ( 1)  0.417  0.003
  30 P   0.00000 0.02316 0.97684 ( 3)  4.292  0.977
  31 Q   0.58362 0.41192 0.00446 ( 1)  0.431  0.004
  32 F   0.68980 0.30949 0.00071 ( 1)  0.313  0.001
  33 T   0.56802 0.42671 0.00527 ( 1)  0.450  0.005
  34 R   0.00000 0.73915 0.26085 ( 2)  1.879  0.261
  35 A   0.65043 0.34821 0.00137 ( 1)  0.354  0.001
  36 Q   0.58664 0.40957 0.00379 ( 1)  0.426  0.004
  37 W   0.49361 0.49304 0.01335 ( 1)  0.551  0.013
  38 F   0.68980 0.30949 0.00071 ( 1)  0.313  0.001
  39 A   0.00000 0.88456 0.11544 ( 2)  1.389  0.115
  40 I   0.00000 0.96750 0.03250 ( 2)  1.109  0.032
  41 Q   0.58290 0.41328 0.00383 ( 1)  0.430  0.004
  42 H   0.65067 0.34765 0.00168 ( 1)  0.355  0.002
  43 I   0.00000 0.95097 0.04903 ( 2)  1.165  0.049
  44 S   0.00000 0.97227 0.02773 ( 2)  1.093  0.028
  45 L   0.00000 0.89131 0.10869 ( 2)  1.366  0.109
  46 N   0.00000 0.96604 0.03396 ( 2)  1.114  0.034
  47 P   0.00000 0.95731 0.04269 ( 2)  1.144  0.043
  48 P   0.00000 0.18367 0.81633 ( 3)  3.751  0.816
  49 R   0.00000 0.95314 0.04686 ( 2)  1.158  0.047
  50 C   0.54742 0.44628 0.00630 ( 1)  0.474  0.006
  51 T   0.00000 0.96012 0.03988 ( 2)  1.134  0.040
  52 I   0.00000 0.96249 0.03751 ( 2)  1.126  0.038
  53 A   0.54548 0.44794 0.00659 ( 1)  0.477  0.007
  54 M   0.69867 0.30073 0.00060 ( 1)  0.303  0.001
  55 R   0.00000 0.12194 0.87806 ( 3)  3.959  0.878
  56 A   0.00000 0.95264 0.04736 ( 2)  1.160  0.047
  57 I   0.70884 0.29042 0.00074 ( 1)  0.294  0.001
  58 N   0.65738 0.34123 0.00139 ( 1)  0.347  0.001
  59 N   0.74194 0.25771 0.00034 ( 1)  0.259  0.000
  60 Y   0.00000 0.98439 0.01561 ( 2)  1.053  0.016
  61 R   0.00000 0.95701 0.04299 ( 2)  1.145  0.043
  62 W   0.00000 0.88062 0.11938 ( 2)  1.402  0.119
  63 R   0.58098 0.41451 0.00451 ( 1)  0.434  0.005
  64 C   0.54742 0.44628 0.00630 ( 1)  0.474  0.006
  65 K   0.64709 0.35142 0.00149 ( 1)  0.358  0.001
  66 N   0.00000 0.97539 0.02461 ( 2)  1.083  0.025
  67 Q   0.61197 0.38551 0.00252 ( 1)  0.397  0.003
  68 N   0.74194 0.25771 0.00034 ( 1)  0.259  0.000
  69 T   0.68989 0.30931 0.00081 ( 1)  0.313  0.001
  70 F   0.68537 0.31385 0.00078 ( 1)  0.317  0.001
  71 L   0.67562 0.32329 0.00109 ( 1)  0.328  0.001
  72 R   0.00000 0.91504 0.08496 ( 2)  1.286  0.085
  73 T   0.57493 0.42059 0.00448 ( 1)  0.440  0.004
  74 T   0.68989 0.30931 0.00081 ( 1)  0.313  0.001
  75 F   0.68980 0.30949 0.00071 ( 1)  0.313  0.001
  76 A   0.64186 0.35656 0.00158 ( 1)  0.363  0.002
  77 N   0.00000 0.96548 0.03452 ( 2)  1.116  0.035
  78 V   0.00000 0.80952 0.19048 ( 2)  1.642  0.190
  79 V   0.00000 0.98602 0.01398 ( 2)  1.047  0.014
  80 N   0.00000 0.99295 0.00705 ( 2)  1.024  0.007
  81 V   0.65865 0.34010 0.00125 ( 1)  0.346  0.001
  82 C   0.63217 0.36607 0.00176 ( 1)  0.374  0.002
  83 G   0.00000 0.97985 0.02015 ( 2)  1.068  0.020
  84 N   0.64983 0.34871 0.00146 ( 1)  0.355  0.001
  85 Q   0.00000 0.45198 0.54802 ( 3)  2.847  0.548
  86 S   0.00000 0.80295 0.19705 ( 2)  1.664  0.197
  87 I   0.00000 0.94693 0.05307 ( 2)  1.179  0.053
  88 R   0.00000 0.45071 0.54929 ( 3)  2.851  0.549
  89 C   0.59554 0.40115 0.00331 ( 1)  0.416  0.003
  90 P   0.00000 0.98683 0.01317 ( 2)  1.044  0.013
  91 H   0.00000 0.91814 0.08186 ( 2)  1.276  0.082
  92 N   0.64983 0.34871 0.00146 ( 1)  0.355  0.001
  93 R   0.00000 0.59905 0.40095 ( 2)  2.351  0.401
  94 T   0.00000 0.93747 0.06253 ( 2)  1.211  0.063
  95 L   0.00000 0.71226 0.28774 ( 2)  1.970  0.288
  96 N   0.00000 0.24533 0.75467 ( 3)  3.543  0.755
  97 N   0.74194 0.25771 0.00034 ( 1)  0.259  0.000
  98 C   0.63217 0.36607 0.00176 ( 1)  0.374  0.002
  99 H   0.72813 0.27144 0.00043 ( 1)  0.273  0.000
 100 R   0.00000 0.07024 0.92976 ( 3)  4.133  0.930
 101 S   0.72146 0.27810 0.00043 ( 1)  0.280  0.000
 102 R   0.00000 0.79084 0.20916 ( 2)  1.705  0.209
 103 F   0.00000 0.00896 0.99104 ( 3)  4.339  0.991
 104 R   0.00000 0.94225 0.05775 ( 2)  1.195  0.058
 105 V   0.52456 0.46656 0.00888 ( 1)  0.505  0.009
 106 P   0.67695 0.32206 0.00098 ( 1)  0.326  0.001
 107 L   0.49397 0.49255 0.01348 ( 1)  0.551  0.013
 108 L   0.00000 0.96292 0.03708 ( 2)  1.125  0.037
 109 H   0.63774 0.36050 0.00176 ( 1)  0.368  0.002
 110 C   0.63217 0.36607 0.00176 ( 1)  0.374  0.002
 111 D   0.00000 0.97480 0.02520 ( 2)  1.085  0.025
 112 L   0.58271 0.41316 0.00413 ( 1)  0.431  0.004
 113 I   0.00000 0.95627 0.04373 ( 2)  1.147  0.044
 114 N   0.00000 0.98919 0.01081 ( 2)  1.036  0.011
 115 P   0.56502 0.42981 0.00517 ( 1)  0.452  0.005
 116 G   0.00000 0.98890 0.01110 ( 2)  1.037  0.011
 117 A   0.00000 0.37851 0.62149 ( 3)  3.094  0.621
 118 Q   0.00000 0.27997 0.72003 ( 3)  3.426  0.720
 119 I   0.71755 0.28190 0.00054 ( 1)  0.284  0.001
 120 S   0.50076 0.48689 0.01235 ( 1)  0.541  0.012
 121 N   0.00000 0.97908 0.02092 ( 2)  1.070  0.021
 122 C   0.54742 0.44628 0.00630 ( 1)  0.474  0.006
 123 T   0.00000 0.18306 0.81694 ( 3)  3.753  0.817
 124 Y   0.65985 0.33897 0.00118 ( 1)  0.344  0.001
 125 A   0.00000 0.93316 0.06684 ( 2)  1.225  0.067
 126 D   0.00000 0.85301 0.14699 ( 2)  1.495  0.147
 127 R   0.00000 0.95256 0.04743 ( 2)  1.160  0.047
 128 P   0.00000 0.78126 0.21874 ( 2)  1.737  0.219
 129 G   0.00000 0.75375 0.24625 ( 2)  1.830  0.246
 130 R   0.00000 0.86985 0.13015 ( 2)  1.439  0.130
 131 R   0.00000 0.89378 0.10622 ( 2)  1.358  0.106
 132 F   0.00000 0.85364 0.14636 ( 2)  1.493  0.146
 133 Y   0.64549 0.35301 0.00150 ( 1)  0.360  0.002
 134 V   0.00000 0.96834 0.03166 ( 2)  1.107  0.032
 135 V   0.67343 0.32559 0.00098 ( 1)  0.330  0.001
 136 A   0.54548 0.44794 0.00659 ( 1)  0.477  0.007
 137 C   0.63217 0.36607 0.00176 ( 1)  0.374  0.002
 138 D   0.00000 0.89320 0.10680 ( 2)  1.360  0.107
 139 N   0.00000 0.98087 0.01913 ( 2)  1.064  0.019
 140 R   0.00000 0.96661 0.03339 ( 2)  1.113  0.033
 141 D   0.70564 0.29381 0.00055 ( 1)  0.296  0.001
 142 P   0.00000 0.74022 0.25978 ( 2)  1.875  0.260
 143 R   0.00000 0.90037 0.09963 ( 2)  1.336  0.100
 144 D   0.64950 0.34893 0.00157 ( 1)  0.356  0.002
 145 S   0.00000 0.98325 0.01675 ( 2)  1.056  0.017
 146 P   0.56502 0.42981 0.00517 ( 1)  0.452  0.005
 147 R   0.00000 0.93990 0.06010 ( 2)  1.202  0.060
 148 Y   0.65985 0.33897 0.00118 ( 1)  0.344  0.001
 149 P   0.59414 0.40231 0.00356 ( 1)  0.418  0.004
 150 V   0.52517 0.46602 0.00881 ( 1)  0.505  0.009
 151 V   0.67343 0.32559 0.00098 ( 1)  0.330  0.001
 152 P   0.56527 0.42958 0.00515 ( 1)  0.452  0.005
 153 V   0.67343 0.32559 0.00098 ( 1)  0.330  0.001
 154 H   0.63774 0.36050 0.00176 ( 1)  0.368  0.002
 155 L   0.49491 0.49137 0.01372 ( 1)  0.551  0.014
 156 D   0.70564 0.29381 0.00055 ( 1)  0.296  0.001
 157 T   0.00000 0.65802 0.34198 ( 2)  2.152  0.342
 158 T   0.00000 0.57711 0.42289 ( 2)  2.425  0.423
 159 I   0.61937 0.37823 0.00240 ( 1)  0.389  0.002

Positively selected sites

	Prob(w>1)  mean w

    30 P      0.977*        4.292
    48 P      0.816         3.751
    55 R      0.878         3.959
    85 Q      0.548         2.847
    88 R      0.549         2.851
    96 N      0.755         3.543
   100 R      0.930         4.133
   103 F      0.991**       4.339
   117 A      0.621         3.094
   118 Q      0.720         3.426
   123 T      0.817         3.753


lnL = -1688.777881

Bayes Empirical Bayes (BEB) probabilities for 3 classes (class) & postmean_w
(amino acids refer to 1st sequence: Human_ECP)

   1 M   0.77389 0.22086 0.00525 ( 1)  0.378 +-  0.397
   2 V   0.75612 0.23694 0.00694 ( 1)  0.396 +-  0.417
   3 P   0.67657 0.30388 0.01955 ( 1)  0.490 +-  0.528
   4 K   0.73750 0.25352 0.00898 ( 1)  0.416 +-  0.438
   5 L   0.61973 0.34350 0.03677 ( 1)  0.577 +-  0.649
   6 F   0.70227 0.28371 0.01402 ( 1)  0.457 +-  0.484
   7 T   0.76743 0.22653 0.00603 ( 1)  0.385 +-  0.406
   8 S   0.24550 0.61853 0.13598 ( 2)  1.115 +-  0.924
   9 Q   0.29050 0.62235 0.08715 ( 2)  0.961 +-  0.751
  10 I   0.78641 0.20894 0.00464 ( 1)  0.366 +-  0.387
  11 C   0.30256 0.62134 0.07610 ( 2)  0.926 +-  0.707
  12 L   0.61973 0.34350 0.03677 ( 1)  0.577 +-  0.649
  13 L   0.76219 0.23118 0.00663 ( 1)  0.391 +-  0.413
  14 L   0.76219 0.23118 0.00663 ( 1)  0.391 +-  0.413
  15 L   0.61973 0.34350 0.03677 ( 1)  0.577 +-  0.649
  16 L   0.61422 0.34731 0.03846 ( 1)  0.586 +-  0.658
  17 G   0.62665 0.33957 0.03377 ( 1)  0.564 +-  0.628
  18 L   0.76219 0.23118 0.00663 ( 1)  0.391 +-  0.413
  19 M   0.02916 0.53080 0.44004 ( 2)  2.079 +-  1.409
  20 G   0.31050 0.61906 0.07044 ( 2)  0.907 +-  0.685
  21 V   0.64456 0.32754 0.02791 ( 1)  0.536 +-  0.588
  22 E   0.06877 0.56461 0.36662 ( 2)  1.867 +-  1.380
  23 G   0.66381 0.31384 0.02235 ( 1)  0.507 +-  0.549
  24 S   0.62475 0.34064 0.03460 ( 1)  0.568 +-  0.634
  25 L   0.70113 0.28415 0.01472 ( 1)  0.459 +-  0.490
  26 H   0.79416 0.20179 0.00405 ( 1)  0.358 +-  0.379
  27 A   0.25342 0.62019 0.12639 ( 2)  1.085 +-  0.893
  28 R   0.29907 0.62026 0.08067 ( 2)  0.940 +-  0.728
  29 P   0.69910 0.28606 0.01484 ( 1)  0.461 +-  0.491
  30 P   0.00011 0.02087 0.97902 ( 3)  4.028 +-  1.396
  31 Q   0.69006 0.29255 0.01738 ( 1)  0.474 +-  0.512
  32 F   0.76771 0.22651 0.00577 ( 1)  0.384 +-  0.403
  33 T   0.67869 0.30189 0.01942 ( 1)  0.488 +-  0.529
  34 R   0.05968 0.53545 0.40487 ( 2)  1.986 +-  1.434
  35 A   0.73998 0.25143 0.00860 ( 1)  0.413 +-  0.434
  36 Q   0.69307 0.29088 0.01605 ( 1)  0.469 +-  0.501
  37 W   0.61883 0.34460 0.03656 ( 1)  0.577 +-  0.646
  38 F   0.76771 0.22651 0.00577 ( 1)  0.384 +-  0.403
  39 A   0.15830 0.61319 0.22851 ( 2)  1.413 +-  1.140
  40 I   0.28955 0.61970 0.09075 ( 2)  0.972 +-  0.771
  41 Q   0.69046 0.29322 0.01631 ( 1)  0.472 +-  0.503
  42 H   0.73946 0.25128 0.00926 ( 1)  0.415 +-  0.441
  43 I   0.27279 0.61341 0.11380 ( 2)  1.043 +-  0.866
  44 S   0.14964 0.72832 0.12204 ( 2)  1.138 +-  0.762
  45 L   0.09651 0.65390 0.24959 ( 2)  1.500 +-  1.119
  46 N   0.28202 0.62263 0.09534 ( 2)  0.987 +-  0.782
  47 P   0.26790 0.62222 0.10988 ( 2)  1.033 +-  0.835
  48 P   0.00228 0.14569 0.85203 ( 3)  3.543 +-  1.577
  49 R   0.26453 0.62026 0.11520 ( 2)  1.050 +-  0.858
  50 C   0.66308 0.31445 0.02247 ( 1)  0.508 +-  0.549
  51 T   0.27303 0.62208 0.10489 ( 2)  1.017 +-  0.819
  52 I   0.13952 0.71880 0.14168 ( 2)  1.192 +-  0.826
  53 A   0.66144 0.31553 0.02303 ( 1)  0.511 +-  0.554
  54 M   0.77389 0.22086 0.00525 ( 1)  0.378 +-  0.397
  55 R   0.00126 0.09624 0.90250 ( 3)  3.752 +-  1.541
  56 A   0.26190 0.62125 0.11684 ( 2)  1.055 +-  0.861
  57 I   0.78000 0.21462 0.00539 ( 1)  0.373 +-  0.397
  58 N   0.74454 0.24707 0.00840 ( 1)  0.409 +-  0.432
  59 N   0.80321 0.19326 0.00353 ( 1)  0.350 +-  0.370
  60 Y   0.32674 0.61373 0.05953 ( 2)  0.870 +-  0.642
  61 R   0.27145 0.62011 0.10843 ( 2)  1.028 +-  0.836
  62 W   0.20048 0.59001 0.20951 ( 2)  1.349 +-  1.158
  63 R   0.68852 0.29406 0.01742 ( 1)  0.476 +-  0.513
  64 C   0.66308 0.31445 0.02247 ( 1)  0.508 +-  0.549
  65 K   0.73750 0.25352 0.00898 ( 1)  0.416 +-  0.438
  66 N   0.31082 0.61426 0.07492 ( 2)  0.919 +-  0.713
  67 Q   0.71211 0.27539 0.01250 ( 1)  0.445 +-  0.471
  68 N   0.80321 0.19326 0.00353 ( 1)  0.350 +-  0.370
  69 T   0.76743 0.22653 0.00603 ( 1)  0.385 +-  0.406
  70 F   0.76458 0.22934 0.00608 ( 1)  0.388 +-  0.407
  71 L   0.75729 0.23558 0.00713 ( 1)  0.396 +-  0.418
  72 R   0.10723 0.67470 0.21807 ( 2)  1.408 +-  1.042
  73 T   0.68418 0.29796 0.01786 ( 1)  0.480 +-  0.515
  74 T   0.76743 0.22653 0.00603 ( 1)  0.385 +-  0.406
  75 F   0.76771 0.22651 0.00577 ( 1)  0.384 +-  0.403
  76 A   0.73382 0.25680 0.00938 ( 1)  0.420 +-  0.442
  77 N   0.14443 0.72142 0.13415 ( 2)  1.171 +-  0.806
  78 V   0.07317 0.58797 0.33886 ( 2)  1.773 +-  1.313
  79 V   0.33494 0.60997 0.05509 ( 2)  0.854 +-  0.626
  80 N   0.38098 0.58425 0.03478 ( 2)  0.775 +-  0.545
  81 V   0.74568 0.24626 0.00806 ( 1)  0.408 +-  0.429
  82 C   0.72700 0.26286 0.01013 ( 1)  0.428 +-  0.449
  83 G   0.31085 0.61918 0.06997 ( 2)  0.906 +-  0.683
  84 N   0.73938 0.25180 0.00883 ( 1)  0.415 +-  0.436
  85 Q   0.01277 0.33384 0.65340 ( 3)  2.823 +-  1.637
  86 S   0.03744 0.58865 0.37391 ( 2)  1.873 +-  1.306
  87 I   0.12287 0.70413 0.17300 ( 2)  1.278 +-  0.912
  88 R   0.01281 0.33274 0.65444 ( 3)  2.829 +-  1.640
  89 C   0.69978 0.28547 0.01474 ( 1)  0.460 +-  0.490
  90 P   0.34080 0.60679 0.05241 ( 2)  0.844 +-  0.617
  91 H   0.11101 0.67750 0.21149 ( 2)  1.390 +-  1.031
  92 N   0.73938 0.25180 0.00883 ( 1)  0.415 +-  0.436
  93 R   0.01953 0.43775 0.54273 ( 3)  2.415 +-  1.527
  94 T   0.11893 0.69517 0.18590 ( 2)  1.315 +-  0.954
  95 L   0.05642 0.51591 0.42768 ( 2)  2.064 +-  1.477
  96 N   0.00282 0.19210 0.80507 ( 3)  3.353 +-  1.594
  97 N   0.80321 0.19326 0.00353 ( 1)  0.350 +-  0.370
  98 C   0.72700 0.26286 0.01013 ( 1)  0.428 +-  0.449
  99 H   0.79379 0.20213 0.00408 ( 1)  0.359 +-  0.379
 100 R   0.00038 0.05778 0.94184 ( 3)  3.888 +-  1.469
 101 S   0.78944 0.20634 0.00423 ( 1)  0.363 +-  0.382
 102 R   0.06904 0.57375 0.35721 ( 2)  1.830 +-  1.347
 103 F   0.00002 0.00907 0.99091 ( 3)  4.065 +-  1.364
 104 R   0.24969 0.61822 0.13209 ( 2)  1.103 +-  0.914
 105 V   0.64456 0.32754 0.02791 ( 1)  0.536 +-  0.588
 106 P   0.75845 0.23472 0.00683 ( 1)  0.394 +-  0.415
 107 L   0.61901 0.34430 0.03669 ( 1)  0.578 +-  0.647
 108 L   0.27853 0.62165 0.09982 ( 2)  1.001 +-  0.801
 109 H   0.73076 0.25935 0.00989 ( 1)  0.424 +-  0.447
 110 C   0.72700 0.26286 0.01013 ( 1)  0.428 +-  0.449
 111 D   0.30174 0.61957 0.07869 ( 2)  0.933 +-  0.721
 112 L   0.68997 0.29321 0.01682 ( 1)  0.473 +-  0.507
 113 I   0.26606 0.62231 0.11163 ( 2)  1.039 +-  0.841
 114 N   0.35159 0.60184 0.04657 ( 2)  0.823 +-  0.592
 115 P   0.67657 0.30388 0.01955 ( 1)  0.490 +-  0.528
 116 G   0.34740 0.60458 0.04803 ( 2)  0.829 +-  0.596
 117 A   0.00985 0.28274 0.70742 ( 3)  3.023 +-  1.654
 118 Q   0.00511 0.21567 0.77922 ( 3)  3.270 +-  1.621
 119 I   0.78641 0.20894 0.00464 ( 1)  0.366 +-  0.387
 120 S   0.62475 0.34064 0.03460 ( 1)  0.568 +-  0.634
 121 N   0.32032 0.61201 0.06767 ( 2)  0.895 +-  0.684
 122 C   0.66308 0.31445 0.02247 ( 1)  0.508 +-  0.549
 123 T   0.00201 0.14353 0.85446 ( 3)  3.558 +-  1.582
 124 Y   0.74664 0.24550 0.00786 ( 1)  0.406 +-  0.426
 125 A   0.23900 0.61561 0.14540 ( 2)  1.145 +-  0.957
 126 D   0.08322 0.62194 0.29483 ( 2)  1.635 +-  1.217
 127 R   0.26023 0.62198 0.11779 ( 2)  1.058 +-  0.862
 128 P   0.06827 0.56661 0.36512 ( 2)  1.860 +-  1.372
 129 G   0.06232 0.54614 0.39154 ( 2)  1.943 +-  1.412
 130 R   0.09116 0.63620 0.27264 ( 2)  1.571 +-  1.181
 131 R   0.09663 0.65581 0.24756 ( 2)  1.493 +-  1.110
 132 F   0.08378 0.62253 0.29368 ( 2)  1.632 +-  1.217
 133 Y   0.73640 0.25453 0.00907 ( 1)  0.418 +-  0.439
 134 V   0.28718 0.62188 0.09094 ( 2)  0.973 +-  0.767
 135 V   0.75612 0.23694 0.00694 ( 1)  0.396 +-  0.417
 136 A   0.66144 0.31553 0.02303 ( 1)  0.511 +-  0.554
 137 C   0.72700 0.26286 0.01013 ( 1)  0.428 +-  0.449
 138 D   0.09614 0.65530 0.24856 ( 2)  1.496 +-  1.111
 139 N   0.31748 0.61600 0.06652 ( 2)  0.893 +-  0.673
 140 R   0.28445 0.62175 0.09380 ( 2)  0.982 +-  0.778
 141 D   0.77861 0.21645 0.00494 ( 1)  0.373 +-  0.392
 142 P   0.06079 0.53618 0.40304 ( 2)  1.983 +-  1.439
 143 R   0.21266 0.60052 0.18682 ( 2)  1.276 +-  1.090
 144 D   0.73889 0.25202 0.00909 ( 1)  0.415 +-  0.439
 145 S   0.32440 0.61400 0.06160 ( 2)  0.877 +-  0.652
 146 P   0.67657 0.30388 0.01955 ( 1)  0.490 +-  0.528
 147 R   0.24573 0.61812 0.13615 ( 2)  1.116 +-  0.926
 148 Y   0.74664 0.24550 0.00786 ( 1)  0.406 +-  0.426
 149 P   0.69857 0.28623 0.01520 ( 1)  0.462 +-  0.494
 150 V   0.64506 0.32719 0.02776 ( 1)  0.535 +-  0.587
 151 V   0.75612 0.23694 0.00694 ( 1)  0.396 +-  0.417
 152 P   0.67676 0.30374 0.01950 ( 1)  0.490 +-  0.528
 153 V   0.75612 0.23694 0.00694 ( 1)  0.396 +-  0.417
 154 H   0.73076 0.25935 0.00989 ( 1)  0.424 +-  0.447
 155 L   0.61956 0.34355 0.03689 ( 1)  0.578 +-  0.650
 156 D   0.77861 0.21645 0.00494 ( 1)  0.373 +-  0.392
 157 T   0.03965 0.47738 0.48298 ( 3)  2.230 +-  1.509
 158 T   0.01852 0.42202 0.55946 ( 3)  2.478 +-  1.552
 159 I   0.71730 0.27077 0.01193 ( 1)  0.440 +-  0.466

Positively selected sites

	Prob(w>1)  mean w

    30 P      0.979*        4.028 +- 1.396
    48 P      0.852         3.543 +- 1.577
    55 R      0.903         3.752 +- 1.541
    85 Q      0.653         2.823 +- 1.637
    88 R      0.654         2.829 +- 1.640
    93 R      0.543         2.415 +- 1.527
    96 N      0.805         3.353 +- 1.594
   100 R      0.942         3.888 +- 1.469
   103 F      0.991**       4.065 +- 1.364
   117 A      0.707         3.023 +- 1.654
   118 Q      0.779         3.270 +- 1.621
   123 T      0.854         3.558 +- 1.582
   158 T      0.559         2.478 +- 1.552

